timestamp,open,high,low,close,volume
2024-01-01T00:00:00Z,42032.80,42115.82,41936.94,42000.85,2042.91
2024-01-01T01:00:00Z,42008.05,42095.75,41932.72,42057.00,1200.80
2024-01-01T02:00:00Z,42088.61,42146.20,42072.94,42132.46,1795.99
2024-01-01T03:00:00Z,42133.80,42234.51,42029.08,42172.77,1242.35
2024-01-01T04:00:00Z,42201.16,42292.85,42120.59,42266.40,1222.90
2024-01-01T05:00:00Z,42266.45,42281.91,42195.69,42275.62,1090.73
2024-01-01T06:00:00Z,42295.36,42369.52,42180.71,42193.34,1084.65
2024-01-01T07:00:00Z,42185.54,42312.93,42070.55,42176.88,1381.68
2024-01-01T08:00:00Z,42170.51,42285.71,42055.96,42067.82,1457.40
2024-01-01T09:00:00Z,42076.47,42146.59,41883.70,42063.66,1327.55
2024-01-01T10:00:00Z,42077.28,42140.59,42000.24,42095.16,1301.31
2024-01-01T11:00:00Z,42086.58,42175.68,41983.41,42137.80,1448.14
2024-01-01T12:00:00Z,42161.40,42167.29,42029.30,42122.80,1298.86
2024-01-01T13:00:00Z,42135.98,42154.42,42003.20,42011.50,1243.15
2024-01-01T14:00:00Z,42012.58,42040.75,41891.65,41900.87,1493.00
2024-01-01T15:00:00Z,41910.89,42001.38,41872.85,41911.56,1431.23
2024-01-01T16:00:00Z,41931.98,41951.60,41851.18,41881.71,1311.06
2024-01-01T17:00:00Z,41907.43,41922.08,41840.31,41898.73,1138.08
2024-01-01T18:00:00Z,41906.26,41942.28,41810.85,41919.92,1459.56
2024-01-01T19:00:00Z,41909.23,41973.30,41871.04,41927.35,1128.49
2024-01-01T20:00:00Z,41930.90,42010.07,41869.47,41991.09,1023.94
2024-01-01T21:00:00Z,42005.62,42130.96,41984.90,42028.55,1016.69
2024-01-01T22:00:00Z,42035.71,42069.54,41988.23,42064.78,1151.86
2024-01-01T23:00:00Z,42070.95,42082.22,42055.79,42067.62,1328.15
2024-01-02T00:00:00Z,42060.14,42233.90,41927.77,42169.91,1496.22
2024-01-02T01:00:00Z,42202.10,42355.90,42139.32,42314.91,1910.47
2024-01-02T02:00:00Z,42311.87,42370.03,42184.92,42306.44,1477.39
2024-01-02T03:00:00Z,42337.39,42448.84,42204.95,42306.36,2058.17
2024-01-02T04:00:00Z,42304.55,42358.49,42250.80,42278.66,1461.41
2024-01-02T05:00:00Z,42283.78,42419.23,42156.34,42235.07,1355.29
2024-01-02T06:00:00Z,42254.31,42271.58,42233.02,42240.07,1425.41
2024-01-02T07:00:00Z,42239.75,42262.62,42197.48,42215.88,1182.25
2024-01-02T08:00:00Z,42210.24,42305.04,42201.33,42249.27,1359.74
2024-01-02T09:00:00Z,42254.29,42258.55,42153.25,42168.03,1316.29
2024-01-02T10:00:00Z,42194.25,42264.27,42075.17,42087.37,1360.46
2024-01-02T11:00:00Z,42107.93,42201.51,42095.29,42123.84,1027.54
2024-01-02T12:00:00Z,42113.33,42142.97,42010.08,42117.69,1165.52
2024-01-02T13:00:00Z,42113.41,42149.33,42101.54,42116.47,1397.57
2024-01-02T14:00:00Z,42126.71,42209.12,42061.62,42208.41,1446.27
2024-01-02T15:00:00Z,42203.66,42304.64,42054.65,42163.94,1471.32
2024-01-02T16:00:00Z,42167.31,42240.57,42145.38,42228.57,1461.52
2024-01-02T17:00:00Z,42246.47,42320.95,42166.42,42178.68,1031.46
2024-01-02T18:00:00Z,42211.58,42274.35,42199.58,42220.65,2061.94
2024-01-02T19:00:00Z,42209.84,42265.49,42173.27,42257.71,1212.12
2024-01-02T20:00:00Z,42261.78,42267.34,42209.67,42222.76,1091.49
2024-01-02T21:00:00Z,42219.86,42222.91,42124.84,42208.35,1277.26
2024-01-02T22:00:00Z,42233.88,42244.11,42171.06,42171.41,1477.53
2024-01-02T23:00:00Z,42187.98,42202.40,42155.67,42161.07,1419.90
2024-01-03T00:00:00Z,42172.06,42268.16,42147.84,42184.06,1199.88
2024-01-03T01:00:00Z,42191.07,42309.16,42092.97,42245.08,1267.68
2024-01-03T02:00:00Z,42275.99,42417.83,42244.30,42366.97,1502.51
2024-01-03T03:00:00Z,42382.32,42475.16,42300.16,42367.22,1049.16
2024-01-03T04:00:00Z,42359.17,42471.98,42298.97,42349.97,1353.22
2024-01-03T05:00:00Z,42344.02,42511.90,42244.52,42309.17,1224.06
2024-01-03T06:00:00Z,42325.36,42459.68,42293.24,42458.59,1335.02
2024-01-03T07:00:00Z,42463.62,42540.56,42333.37,42501.64,1336.61
2024-01-03T08:00:00Z,42494.57,42521.24,42419.40,42430.76,1366.92
2024-01-03T09:00:00Z,42422.90,42577.54,42330.09,42478.78,1195.07
2024-01-03T10:00:00Z,42488.96,42609.93,42371.03,42547.52,1475.75
2024-01-03T11:00:00Z,42558.79,42610.88,42480.56,42572.67,1107.39
2024-01-03T12:00:00Z,42587.59,42727.09,42498.05,42499.09,1460.68
2024-01-03T13:00:00Z,42533.08,42668.32,42410.85,42431.55,2208.89
2024-01-03T14:00:00Z,42459.37,42481.59,42449.56,42478.42,1377.53
2024-01-03T15:00:00Z,42489.30,42590.61,42404.89,42429.07,1070.78
2024-01-03T16:00:00Z,42448.65,42453.54,42398.42,42421.82,1245.21
2024-01-03T17:00:00Z,42435.64,42570.05,42405.75,42568.75,1082.55
2024-01-03T18:00:00Z,42579.71,42643.44,42495.36,42630.71,1110.30
2024-01-03T19:00:00Z,42664.01,42665.59,42505.98,42525.60,1577.59
2024-01-03T20:00:00Z,42531.88,42535.50,42493.72,42518.16,1079.71
2024-01-03T21:00:00Z,42550.27,42566.01,42504.53,42545.79,1776.21
2024-01-03T22:00:00Z,42579.48,42697.31,42507.35,42604.17,1806.96
2024-01-03T23:00:00Z,42617.29,42724.22,42459.83,42710.64,1143.74
2024-01-04T00:00:00Z,42716.21,42735.56,42662.73,42690.23,1254.10
2024-01-04T01:00:00Z,42695.72,42813.20,42640.82,42802.47,1321.81
2024-01-04T02:00:00Z,42809.03,42946.01,42803.04,42915.85,1380.64
2024-01-04T03:00:00Z,42945.64,42985.11,42920.08,42964.83,1068.77
2024-01-04T04:00:00Z,42950.68,42997.13,42857.27,42939.01,1301.58
2024-01-04T05:00:00Z,42965.06,43106.60,42862.23,42870.70,1043.03
2024-01-04T06:00:00Z,42892.65,43012.42,42811.13,42832.06,1411.47
2024-01-04T07:00:00Z,42840.69,42996.29,42823.90,42927.47,1103.94
2024-01-04T08:00:00Z,42951.94,43005.54,42795.40,42931.26,1284.65
2024-01-04T09:00:00Z,42964.87,43062.78,42886.14,42942.68,1733.81
2024-01-04T10:00:00Z,42973.88,43077.43,42897.36,43000.02,1992.65
2024-01-04T11:00:00Z,43026.18,43075.73,43019.42,43024.80,1219.26
2024-01-04T12:00:00Z,43017.25,43204.94,42938.77,43082.02,1493.68
2024-01-04T13:00:00Z,43102.70,43133.41,42959.32,43089.49,1296.62
2024-01-04T14:00:00Z,43111.85,43137.46,43036.77,43110.01,1302.52
2024-01-04T15:00:00Z,43136.03,43248.50,43030.06,43153.22,1257.54
2024-01-04T16:00:00Z,43179.82,43306.34,43111.72,43214.25,1190.06
2024-01-04T17:00:00Z,43213.85,43236.22,43085.50,43212.45,1257.63
2024-01-04T18:00:00Z,43205.00,43285.81,43053.73,43062.30,1401.61
2024-01-04T19:00:00Z,43048.88,43164.91,42964.36,43138.31,1486.28
2024-01-04T20:00:00Z,43158.65,43266.96,43062.49,43077.09,1060.89
2024-01-04T21:00:00Z,43091.18,43167.02,43007.31,43149.42,1210.99
2024-01-04T22:00:00Z,43145.59,43256.79,43094.18,43239.81,1246.57
2024-01-04T23:00:00Z,43259.42,43353.44,43198.35,43317.81,1157.48
2024-01-05T00:00:00Z,43342.41,43387.78,43200.56,43339.89,1154.76
2024-01-05T01:00:00Z,43328.17,43353.33,43232.18,43240.20,1177.28
2024-01-05T02:00:00Z,43247.99,43342.31,43077.06,43320.58,1380.49
2024-01-05T03:00:00Z,43346.85,43348.17,43243.82,43305.28,1046.00
2024-01-05T04:00:00Z,43281.66,43325.32,43228.94,43303.99,2948.90
2024-01-05T05:00:00Z,43316.50,43340.46,43169.78,43310.17,1026.28
2024-01-05T06:00:00Z,43277.80,43438.17,43121.59,43342.79,1594.31
2024-01-05T07:00:00Z,43345.80,43424.10,43234.62,43316.82,1308.32
2024-01-05T08:00:00Z,43304.13,43315.81,43221.71,43276.96,1314.13
2024-01-05T09:00:00Z,43265.51,43360.75,43225.05,43293.71,1280.25
2024-01-05T10:00:00Z,43269.49,43402.29,43127.62,43330.99,1068.35
2024-01-05T11:00:00Z,43335.63,43382.69,43235.81,43376.85,1207.06
2024-01-05T12:00:00Z,43368.43,43398.38,43349.96,43391.61,1255.27
2024-01-05T13:00:00Z,43378.63,43451.22,43192.10,43205.09,1236.14
2024-01-05T14:00:00Z,43205.89,43244.68,43134.02,43171.48,1328.27
2024-01-05T15:00:00Z,43154.15,43189.63,43077.61,43172.68,1063.62
2024-01-05T16:00:00Z,43189.63,43209.36,43178.82,43183.99,1180.53
2024-01-05T17:00:00Z,43166.22,43194.37,43043.02,43076.58,1401.03
2024-01-05T18:00:00Z,43076.66,43078.62,42979.94,43028.11,1046.09
2024-01-05T19:00:00Z,43041.21,43167.65,42974.58,43013.62,1303.95
2024-01-05T20:00:00Z,43023.37,43035.19,42946.98,43034.64,1459.87
2024-01-05T21:00:00Z,43046.69,43122.57,42877.99,42938.67,1222.52
2024-01-05T22:00:00Z,42945.34,43006.64,42873.74,42946.83,1432.11
2024-01-05T23:00:00Z,42924.50,42965.47,42855.94,42904.22,1355.55
2024-01-06T00:00:00Z,42907.80,42933.88,42797.44,42810.81,1159.75
2024-01-06T01:00:00Z,42781.00,42881.47,42678.89,42729.39,1018.06
2024-01-06T02:00:00Z,42703.23,42709.82,42636.22,42676.40,1288.86
2024-01-06T03:00:00Z,42655.71,42752.77,42568.74,42635.76,1377.26
2024-01-06T04:00:00Z,42624.16,42728.80,42619.13,42692.41,1138.41
2024-01-06T05:00:00Z,42708.18,42752.26,42679.12,42680.18,1042.86
2024-01-06T06:00:00Z,42661.31,42714.09,42586.68,42627.39,1470.27
2024-01-06T07:00:00Z,42624.48,42672.19,42484.05,42520.92,1250.58
2024-01-06T08:00:00Z,42506.42,42532.22,42427.00,42499.90,1182.71
2024-01-06T09:00:00Z,42516.11,42543.08,42506.43,42542.22,1188.34
2024-01-06T10:00:00Z,42558.56,42635.81,42524.81,42546.81,1120.44
2024-01-06T11:00:00Z,42521.59,42567.27,42395.79,42447.55,1320.65
2024-01-06T12:00:00Z,42448.02,42552.58,42355.86,42474.39,1473.88
2024-01-06T13:00:00Z,42483.53,42606.78,42326.86,42525.26,1222.77
2024-01-06T14:00:00Z,42510.57,42554.19,42436.55,42439.94,1462.44
2024-01-06T15:00:00Z,42449.04,42536.56,42327.36,42522.76,1124.11
2024-01-06T16:00:00Z,42496.31,42582.16,42407.83,42529.20,1000.56
2024-01-06T17:00:00Z,42539.80,42664.83,42357.46,42426.81,1317.17
2024-01-06T18:00:00Z,42407.00,42436.52,42354.74,42386.30,1480.48
2024-01-06T19:00:00Z,42377.22,42385.24,42270.40,42338.76,1109.42
2024-01-06T20:00:00Z,42339.83,42455.78,42202.04,42427.77,1023.04
2024-01-06T21:00:00Z,42420.49,42559.29,42306.03,42548.14,1044.86
2024-01-06T22:00:00Z,42518.05,42688.29,42379.03,42593.66,1546.56
2024-01-06T23:00:00Z,42562.52,42652.66,42532.06,42613.80,1563.06
2024-01-07T00:00:00Z,42585.55,42713.42,42394.52,42572.39,1146.06
2024-01-07T01:00:00Z,42558.69,42653.07,42500.13,42640.51,1146.16
2024-01-07T02:00:00Z,42618.15,42661.13,42594.37,42630.34,1094.60
2024-01-07T03:00:00Z,42607.85,42645.50,42441.14,42504.14,1006.86
2024-01-07T04:00:00Z,42494.32,42577.79,42400.00,42416.76,1415.57
2024-01-07T05:00:00Z,42427.43,42427.83,42315.25,42369.29,1019.32
2024-01-07T06:00:00Z,42353.64,42479.52,42235.29,42277.18,1262.26
2024-01-07T07:00:00Z,42263.48,42339.02,42175.57,42314.59,1181.67
2024-01-07T08:00:00Z,42321.33,42412.51,42170.59,42390.30,1106.76
2024-01-07T09:00:00Z,42363.10,42428.36,42261.33,42284.73,1097.52
2024-01-07T10:00:00Z,42253.52,42275.88,42162.37,42242.65,2024.75
2024-01-07T11:00:00Z,42211.87,42280.82,42097.17,42103.16,1768.58
2024-01-07T12:00:00Z,42099.91,42169.37,42073.06,42117.50,1359.29
2024-01-07T13:00:00Z,42099.86,42202.98,42019.58,42178.55,1273.46
2024-01-07T14:00:00Z,42181.71,42184.43,42178.49,42180.34,1235.02
2024-01-07T15:00:00Z,42167.56,42180.58,42157.46,42172.10,1140.97
2024-01-07T16:00:00Z,42156.91,42190.70,42113.22,42118.19,1290.31
2024-01-07T17:00:00Z,42113.94,42148.72,42098.24,42115.23,1183.03
2024-01-07T18:00:00Z,42094.49,42144.59,42007.19,42060.16,1012.82
2024-01-07T19:00:00Z,42032.85,42050.21,41977.14,42018.91,1059.73
2024-01-07T20:00:00Z,42031.46,42123.84,41864.92,41993.41,1210.59
2024-01-07T21:00:00Z,42009.66,42149.67,41914.17,42026.24,1235.49
2024-01-07T22:00:00Z,42034.07,42066.23,42027.21,42057.34,1361.28
2024-01-07T23:00:00Z,42026.17,42142.34,42013.83,42104.63,2217.45
2024-01-08T00:00:00Z,42119.79,42217.48,42017.31,42158.47,1014.35
2024-01-08T01:00:00Z,42151.32,42219.87,42146.36,42186.02,1466.69
2024-01-08T02:00:00Z,42179.47,42219.95,42045.48,42053.28,1068.24
2024-01-08T03:00:00Z,42055.40,42070.94,42029.93,42059.49,1487.73
2024-01-08T04:00:00Z,42033.45,42197.79,41863.96,42101.12,1345.13
2024-01-08T05:00:00Z,42089.90,42217.98,41980.50,42028.43,1124.87
2024-01-08T06:00:00Z,42008.00,42115.81,41973.58,42013.19,1319.73
2024-01-08T07:00:00Z,42001.57,42162.11,41922.54,41976.43,1315.98
2024-01-08T08:00:00Z,41958.26,42049.27,41892.44,41989.34,1197.94
2024-01-08T09:00:00Z,41977.18,42013.67,41921.67,41962.54,1365.71
2024-01-08T10:00:00Z,41966.25,41993.42,41872.58,41928.80,1031.15
2024-01-08T11:00:00Z,41902.37,42052.37,41884.83,41950.95,1497.28
2024-01-08T12:00:00Z,41949.68,42036.04,41897.52,41970.21,1214.14
2024-01-08T13:00:00Z,41952.25,42000.75,41774.39,41860.46,1176.53
2024-01-08T14:00:00Z,41859.66,41891.84,41852.84,41864.25,1205.40
2024-01-08T15:00:00Z,41856.20,41906.05,41850.87,41857.94,1493.25
2024-01-08T16:00:00Z,41848.76,41949.74,41792.67,41938.25,1431.30
2024-01-08T17:00:00Z,41925.67,41992.07,41855.35,41928.03,1316.32
2024-01-08T18:00:00Z,41931.79,41938.04,41900.05,41906.37,1057.40
2024-01-08T19:00:00Z,41920.53,42012.59,41804.35,41861.11,1327.48
2024-01-08T20:00:00Z,41861.39,41907.62,41810.90,41899.69,1243.98
2024-01-08T21:00:00Z,41900.25,42005.27,41740.46,41790.43,1132.66
2024-01-08T22:00:00Z,41802.04,41873.83,41701.54,41732.94,1312.44
2024-01-08T23:00:00Z,41727.74,41815.79,41612.22,41663.51,1029.54
2024-01-09T00:00:00Z,41647.29,41783.75,41632.44,41745.88,1016.76
2024-01-09T01:00:00Z,41745.62,41774.67,41688.15,41734.04,1232.42
2024-01-09T02:00:00Z,41731.76,41810.81,41608.67,41662.93,1116.80
2024-01-09T03:00:00Z,41666.95,41774.43,41548.56,41624.06,1062.04
2024-01-09T04:00:00Z,41605.11,41686.16,41556.19,41568.40,1373.54
2024-01-09T05:00:00Z,41554.95,41670.20,41479.09,41481.82,1179.49
2024-01-09T06:00:00Z,41485.56,41545.90,41396.32,41405.48,1306.74
2024-01-09T07:00:00Z,41374.65,41403.75,41302.11,41390.04,1713.87
2024-01-09T08:00:00Z,41385.65,41507.52,41312.57,41354.53,2799.60
2024-01-09T09:00:00Z,41366.93,41512.03,41244.29,41473.13,1393.23
2024-01-09T10:00:00Z,41512.24,41628.76,41434.21,41509.26,1599.98
2024-01-09T11:00:00Z,41523.25,41638.34,41471.76,41478.09,1471.26
2024-01-09T12:00:00Z,41479.67,41648.80,41329.70,41608.09,1441.80
2024-01-09T13:00:00Z,41647.51,41752.04,41627.95,41655.63,1934.38
2024-01-09T14:00:00Z,41683.26,41841.84,41604.35,41798.37,1332.58
2024-01-09T15:00:00Z,41825.10,41930.76,41684.14,41705.10,1435.50
2024-01-09T16:00:00Z,41698.59,41743.01,41631.98,41692.34,1332.78
2024-01-09T17:00:00Z,41687.26,41716.09,41663.34,41673.12,1093.69
2024-01-09T18:00:00Z,41686.76,41790.63,41575.43,41649.27,1182.01
2024-01-09T19:00:00Z,41666.32,41817.12,41603.01,41668.93,1212.89
2024-01-09T20:00:00Z,41678.83,41788.53,41566.12,41647.38,1080.88
2024-01-09T21:00:00Z,41646.88,41742.47,41564.33,41611.52,1121.18
2024-01-09T22:00:00Z,41615.77,41808.36,41484.34,41594.76,1345.01
2024-01-09T23:00:00Z,41608.83,41730.60,41476.50,41708.49,1343.60
2024-01-10T00:00:00Z,41735.11,41776.20,41684.13,41758.83,1428.43
2024-01-10T01:00:00Z,41794.15,41802.70,41697.77,41747.68,2164.68
2024-01-10T02:00:00Z,41776.89,41897.38,41672.61,41800.25,1052.00
2024-01-10T03:00:00Z,41795.18,41906.99,41678.72,41752.91,1476.20
2024-01-10T04:00:00Z,41764.33,41832.02,41764.25,41782.43,1340.69
2024-01-10T05:00:00Z,41778.93,41907.74,41680.26,41688.72,1054.51
2024-01-10T06:00:00Z,41695.21,41743.76,41575.99,41590.55,1077.09
2024-01-10T07:00:00Z,41604.90,41673.83,41563.72,41651.57,1239.47
2024-01-10T08:00:00Z,41676.98,41724.73,41608.28,41652.52,1400.69
2024-01-10T09:00:00Z,41682.51,41695.30,41534.40,41654.03,1220.32
2024-01-10T10:00:00Z,41688.33,41806.95,41596.20,41679.49,1814.97
2024-01-10T11:00:00Z,41677.28,41820.40,41632.48,41765.71,1092.00
2024-01-10T12:00:00Z,41776.80,41853.57,41720.34,41784.80,1168.63
2024-01-10T13:00:00Z,41790.11,41864.16,41785.10,41846.57,1260.71
2024-01-10T14:00:00Z,41882.21,41931.93,41776.10,41817.49,2185.21
2024-01-10T15:00:00Z,41824.62,41837.87,41744.05,41798.58,1158.06
2024-01-10T16:00:00Z,41827.44,41852.73,41788.92,41792.01,1060.95
2024-01-10T17:00:00Z,41785.85,41791.75,41766.58,41767.76,1124.57
2024-01-10T18:00:00Z,41795.38,41857.76,41775.41,41806.35,1427.15
2024-01-10T19:00:00Z,41826.01,41892.33,41722.61,41797.03,1026.05
2024-01-10T20:00:00Z,41797.59,41988.63,41691.10,41949.67,1496.02
2024-01-10T21:00:00Z,41974.09,41994.20,41951.18,41969.36,1288.28
2024-01-10T22:00:00Z,41997.02,42065.72,41892.80,42058.14,1474.85
2024-01-10T23:00:00Z,42076.53,42152.55,42060.06,42086.97,1127.96
2024-01-11T00:00:00Z,42102.77,42147.94,42032.41,42107.66,1491.90
2024-01-11T01:00:00Z,42141.57,42189.55,42058.17,42104.31,1776.49
2024-01-11T02:00:00Z,42108.21,42175.37,42026.55,42128.78,1274.75
2024-01-11T03:00:00Z,42128.11,42213.59,42097.71,42100.48,1010.34
2024-01-11T04:00:00Z,42125.76,42145.27,41977.17,42039.15,1190.62
2024-01-11T05:00:00Z,42059.70,42110.14,41890.70,42075.81,1139.17
2024-01-11T06:00:00Z,42074.40,42183.88,41910.84,42035.90,1341.76
2024-01-11T07:00:00Z,42056.02,42108.53,42015.56,42032.70,1094.31
2024-01-11T08:00:00Z,42052.95,42187.96,41929.14,42103.77,1422.05
2024-01-11T09:00:00Z,42103.20,42235.25,41990.01,42025.59,1074.50
2024-01-11T10:00:00Z,42041.19,42127.15,41998.05,42123.47,1131.70
2024-01-11T11:00:00Z,42127.90,42154.41,42103.97,42144.01,1462.02
2024-01-11T12:00:00Z,42178.77,42348.89,42019.68,42108.14,1981.17
2024-01-11T13:00:00Z,42141.34,42268.28,42100.84,42128.13,1872.42
2024-01-11T14:00:00Z,42154.73,42186.44,42036.08,42148.49,1473.03
2024-01-11T15:00:00Z,42172.76,42196.35,42111.91,42153.71,1093.18
2024-01-11T16:00:00Z,42151.51,42262.53,42133.92,42203.52,1019.47
2024-01-11T17:00:00Z,42242.12,42263.82,42176.57,42209.47,1963.16
2024-01-11T18:00:00Z,42235.12,42405.07,42053.01,42281.72,1491.85
2024-01-11T19:00:00Z,42283.96,42409.59,42179.70,42232.84,1397.04
2024-01-11T20:00:00Z,42230.80,42289.19,42187.34,42240.84,1347.33
2024-01-11T21:00:00Z,42236.12,42400.21,42079.29,42107.08,1191.81
2024-01-11T22:00:00Z,42133.87,42186.04,42035.94,42069.36,1387.15
2024-01-11T23:00:00Z,42105.55,42208.84,42009.87,42063.39,1609.08
2024-01-12T00:00:00Z,42101.34,42167.02,41974.81,42087.63,2229.55
2024-01-12T01:00:00Z,42122.16,42273.85,41990.73,42251.22,1741.61
2024-01-12T02:00:00Z,42284.68,42354.60,42147.52,42314.30,1946.92
2024-01-12T03:00:00Z,42328.12,42384.11,42261.82,42265.58,1198.43
2024-01-12T04:00:00Z,42302.74,42382.13,42251.69,42251.78,2109.44
2024-01-12T05:00:00Z,42277.42,42308.43,42229.19,42252.65,1435.16
2024-01-12T06:00:00Z,42286.36,42326.66,42257.38,42304.89,1521.07
2024-01-12T07:00:00Z,42320.09,42381.60,42311.60,42315.78,1002.15
2024-01-12T08:00:00Z,42348.37,42447.63,42252.79,42304.04,2056.88
2024-01-12T09:00:00Z,42336.40,42353.17,42312.65,42337.72,2105.73
2024-01-12T10:00:00Z,42356.70,42437.96,42237.37,42305.38,1175.49
2024-01-12T11:00:00Z,42335.10,42382.38,42334.39,42373.41,1490.63
2024-01-12T12:00:00Z,42373.10,42405.87,42354.10,42396.18,1053.08
2024-01-12T13:00:00Z,42417.39,42520.27,42406.94,42442.90,1420.24
2024-01-12T14:00:00Z,42461.64,42523.24,42318.87,42450.22,1162.58
2024-01-12T15:00:00Z,42475.49,42588.13,42382.30,42585.62,1322.55
2024-01-12T16:00:00Z,42624.89,42663.81,42624.10,42662.85,1859.68
2024-01-12T17:00:00Z,42682.62,42789.50,42621.34,42663.28,1332.05
2024-01-12T18:00:00Z,42674.42,42713.14,42539.65,42708.91,1197.02
2024-01-12T19:00:00Z,42733.72,42867.42,42668.89,42754.01,1407.44
2024-01-12T20:00:00Z,42748.99,42754.06,42660.03,42718.25,1024.17
2024-01-12T21:00:00Z,42752.87,42788.63,42668.67,42771.41,1890.53
2024-01-12T22:00:00Z,42761.98,42869.48,42613.20,42698.70,1355.68
2024-01-12T23:00:00Z,42692.51,42700.93,42605.64,42695.97,1239.19
2024-01-13T00:00:00Z,42700.93,42716.07,42683.20,42709.95,1238.45
2024-01-13T01:00:00Z,42739.64,42840.89,42698.79,42779.18,1174.57
2024-01-13T02:00:00Z,42783.76,42827.76,42714.39,42719.56,1260.35
2024-01-13T03:00:00Z,42742.14,42742.33,42692.99,42699.03,1478.03
2024-01-13T04:00:00Z,42704.40,42760.26,42589.35,42709.11,1118.31
2024-01-13T05:00:00Z,42735.13,42839.91,42693.54,42826.98,1492.40
2024-01-13T06:00:00Z,42836.28,42880.09,42775.42,42844.38,1022.14
2024-01-13T07:00:00Z,42859.00,42863.09,42782.89,42803.58,1219.20
2024-01-13T08:00:00Z,42823.47,42823.58,42763.48,42790.05,1072.63
2024-01-13T09:00:00Z,42780.68,42902.39,42647.88,42648.29,1282.08
2024-01-13T10:00:00Z,42666.78,42699.09,42568.95,42623.22,1246.81
2024-01-13T11:00:00Z,42622.53,42684.58,42618.25,42683.92,1285.68
2024-01-13T12:00:00Z,42699.03,42714.94,42621.41,42652.31,1482.33
2024-01-13T13:00:00Z,42678.45,42809.21,42649.93,42715.20,1179.56
2024-01-13T14:00:00Z,42713.16,42787.49,42575.34,42654.91,1027.15
2024-01-13T15:00:00Z,42660.05,42753.71,42621.89,42736.73,1123.79
2024-01-13T16:00:00Z,42773.86,42861.81,42688.69,42737.31,2031.20
2024-01-13T17:00:00Z,42767.79,42882.03,42729.78,42844.08,1848.47
2024-01-13T18:00:00Z,42867.03,42923.65,42814.27,42899.38,1338.50
2024-01-13T19:00:00Z,42908.46,42994.29,42883.89,42978.41,1181.86
2024-01-13T20:00:00Z,42983.88,43052.40,42913.71,42920.08,1386.54
2024-01-13T21:00:00Z,42949.90,43046.73,42900.26,42926.71,1289.44
2024-01-13T22:00:00Z,42953.86,43012.76,42914.43,42996.82,1260.46
2024-01-13T23:00:00Z,43010.80,43016.18,42929.61,42996.66,1383.30
2024-01-14T00:00:00Z,43034.54,43053.68,43020.67,43035.55,2035.42
2024-01-14T01:00:00Z,43052.84,43178.27,43051.07,43071.03,1318.89
2024-01-14T02:00:00Z,43078.90,43172.10,42959.33,43128.45,1061.45
2024-01-14T03:00:00Z,43153.71,43255.71,43011.21,43146.35,1059.42
2024-01-14T04:00:00Z,43162.25,43259.23,43076.81,43201.15,1136.34
2024-01-14T05:00:00Z,43238.13,43291.26,43226.84,43282.56,2185.05
2024-01-14T06:00:00Z,43275.87,43307.05,43257.71,43267.84,1341.70
2024-01-14T07:00:00Z,43305.83,43488.44,43216.73,43329.04,1518.31
2024-01-14T08:00:00Z,43361.40,43388.20,43353.88,43382.43,1668.64
2024-01-14T09:00:00Z,43396.11,43452.42,43345.99,43348.28,1441.70
2024-01-14T10:00:00Z,43383.23,43531.76,43321.20,43460.30,1914.65
2024-01-14T11:00:00Z,43479.35,43493.33,43369.45,43421.55,1492.31
2024-01-14T12:00:00Z,43417.73,43457.74,43315.47,43414.08,1137.19
2024-01-14T13:00:00Z,43443.13,43502.10,43378.42,43427.57,1451.32
2024-01-14T14:00:00Z,43425.91,43570.86,43405.47,43552.66,1203.10
2024-01-14T15:00:00Z,43573.47,43668.54,43550.00,43605.64,1297.58
2024-01-14T16:00:00Z,43624.78,43712.29,43572.11,43624.93,1205.13
2024-01-14T17:00:00Z,43654.36,43658.31,43537.17,43555.65,1198.49
2024-01-14T18:00:00Z,43582.97,43743.71,43505.43,43679.74,1003.08
2024-01-14T19:00:00Z,43687.37,43768.78,43524.82,43729.18,1101.62
2024-01-14T20:00:00Z,43736.32,43791.47,43629.80,43638.93,1205.60
2024-01-14T21:00:00Z,43642.01,43686.21,43530.20,43556.67,1060.46
2024-01-14T22:00:00Z,43551.01,43687.52,43466.05,43555.77,1094.86
2024-01-14T23:00:00Z,43547.78,43639.65,43534.83,43630.78,1218.49
2024-01-15T00:00:00Z,43650.44,43705.36,43561.03,43681.79,1123.36
2024-01-15T01:00:00Z,43718.63,43781.51,43648.63,43663.51,1856.00
2024-01-15T02:00:00Z,43675.98,43809.43,43644.65,43758.39,1452.49
2024-01-15T03:00:00Z,43758.12,43841.19,43668.41,43838.21,1426.11
2024-01-15T04:00:00Z,43840.28,44024.10,43664.42,43840.40,1301.17
2024-01-15T05:00:00Z,43874.98,44034.47,43812.42,44030.76,1770.47
2024-01-15T06:00:00Z,44027.22,44147.31,44016.69,44127.30,1089.53
2024-01-15T07:00:00Z,44165.95,44214.84,44160.31,44185.73,1661.62
2024-01-15T08:00:00Z,44204.99,44272.36,44179.14,44200.99,1236.74
2024-01-15T09:00:00Z,44193.37,44295.61,44172.53,44198.91,1068.41
2024-01-15T10:00:00Z,44225.39,44234.69,44181.65,44206.65,1266.06
2024-01-15T11:00:00Z,44241.18,44394.96,44207.16,44257.83,2014.45
2024-01-15T12:00:00Z,44286.59,44352.30,44206.03,44291.97,1406.16
2024-01-15T13:00:00Z,44326.93,44436.89,44176.80,44315.99,1624.07
2024-01-15T14:00:00Z,44331.46,44454.59,44287.95,44324.29,3473.14
2024-01-15T15:00:00Z,44316.39,44446.06,44162.92,44235.23,1264.32
2024-01-15T16:00:00Z,44235.96,44278.38,44195.83,44217.88,1052.27
2024-01-15T17:00:00Z,44221.60,44308.89,44164.82,44233.03,1147.28
2024-01-15T18:00:00Z,44243.78,44285.20,44217.42,44277.37,1340.08
2024-01-15T19:00:00Z,44292.48,44362.87,44172.41,44244.23,1045.16
2024-01-15T20:00:00Z,44252.88,44335.48,44172.34,44187.28,1250.90
2024-01-15T21:00:00Z,44160.41,44261.34,44114.79,44249.99,1167.01
2024-01-15T22:00:00Z,44237.29,44355.86,44108.12,44166.30,1084.68
2024-01-15T23:00:00Z,44156.57,44187.68,44051.15,44183.56,1496.45
2024-01-16T00:00:00Z,44196.07,44271.42,44185.36,44195.59,1321.87
2024-01-16T01:00:00Z,44177.36,44277.25,44139.35,44274.61,1256.58
2024-01-16T02:00:00Z,44258.62,44317.88,44245.77,44298.21,1030.86
2024-01-16T03:00:00Z,44286.22,44398.96,44153.11,44182.18,1487.27
2024-01-16T04:00:00Z,44189.33,44207.46,44082.56,44164.10,1210.74
2024-01-16T05:00:00Z,44167.19,44220.23,44062.50,44200.03,1301.20
2024-01-16T06:00:00Z,44187.73,44274.02,44128.34,44261.70,1196.64
2024-01-16T07:00:00Z,44235.14,44327.48,44189.60,44220.97,1073.36
2024-01-16T08:00:00Z,44200.90,44302.21,44131.61,44134.14,1199.53
2024-01-16T09:00:00Z,44145.77,44196.21,44127.48,44160.09,1155.07
2024-01-16T10:00:00Z,44130.81,44204.59,44098.90,44163.35,1448.16
2024-01-16T11:00:00Z,44136.92,44247.38,44045.68,44204.14,1390.08
2024-01-16T12:00:00Z,44203.76,44236.63,44203.72,44222.12,1468.13
2024-01-16T13:00:00Z,44224.11,44259.82,44216.81,44230.34,1353.24
2024-01-16T14:00:00Z,44245.56,44260.91,44180.45,44211.53,1244.79
2024-01-16T15:00:00Z,44218.26,44267.10,44114.71,44195.76,1441.23
2024-01-16T16:00:00Z,44171.78,44201.16,44073.45,44078.51,1182.47
2024-01-16T17:00:00Z,44052.92,44119.73,43985.46,44108.18,1483.93
2024-01-16T18:00:00Z,44092.68,44194.38,44028.27,44063.17,1110.72
2024-01-16T19:00:00Z,44049.01,44134.59,43979.65,44108.99,1193.80
2024-01-16T20:00:00Z,44110.11,44202.46,43958.54,44152.90,1365.97
2024-01-16T21:00:00Z,44158.13,44306.72,44057.19,44265.18,1425.59
2024-01-16T22:00:00Z,44253.43,44326.76,44171.07,44189.95,1054.01
2024-01-16T23:00:00Z,44177.92,44292.60,44088.95,44089.20,1428.47
2024-01-17T00:00:00Z,44085.90,44209.31,43997.37,44117.70,1436.20
2024-01-17T01:00:00Z,44092.86,44132.37,44079.82,44116.42,1442.95
2024-01-17T02:00:00Z,44093.68,44232.96,43966.39,43982.57,1489.30
2024-01-17T03:00:00Z,43987.90,44160.85,43827.81,43835.36,1172.76
2024-01-17T04:00:00Z,43809.57,43825.91,43661.95,43670.23,1338.01
2024-01-17T05:00:00Z,43650.57,43652.41,43603.35,43642.24,1325.38
2024-01-17T06:00:00Z,43617.64,43659.68,43542.11,43597.81,1215.61
2024-01-17T07:00:00Z,43585.52,43718.19,43496.60,43584.06,1092.32
2024-01-17T08:00:00Z,43563.00,43648.81,43472.05,43574.10,1023.87
2024-01-17T09:00:00Z,43573.28,43722.82,43426.65,43509.74,1490.05
2024-01-17T10:00:00Z,43494.44,43512.84,43424.90,43475.16,1470.71
2024-01-17T11:00:00Z,43449.54,43485.93,43376.95,43413.63,1456.14
2024-01-17T12:00:00Z,43399.58,43448.69,43391.31,43405.11,1206.62
2024-01-17T13:00:00Z,43404.58,43570.75,43319.40,43537.41,1402.66
2024-01-17T14:00:00Z,43534.63,43591.19,43507.78,43557.19,1032.35
2024-01-17T15:00:00Z,43538.94,43632.43,43473.72,43606.43,1020.24
2024-01-17T16:00:00Z,43599.84,43672.08,43475.74,43580.07,1457.63
2024-01-17T17:00:00Z,43556.76,43651.35,43485.88,43601.78,1404.19
2024-01-17T18:00:00Z,43584.18,43709.14,43446.86,43599.06,1420.10
2024-01-17T19:00:00Z,43611.47,43714.79,43534.34,43643.73,1487.28
2024-01-17T20:00:00Z,43623.73,43728.07,43561.59,43707.66,1354.14
2024-01-17T21:00:00Z,43705.67,43812.12,43577.31,43592.94,1102.28
2024-01-17T22:00:00Z,43610.63,43753.06,43575.81,43673.55,1280.48
2024-01-17T23:00:00Z,43678.21,43678.61,43636.29,43670.49,1319.11
2024-01-18T00:00:00Z,43657.92,43797.98,43582.41,43662.58,1225.18
2024-01-18T01:00:00Z,43666.93,43794.53,43552.08,43656.01,1412.39
2024-01-18T02:00:00Z,43667.76,43791.48,43482.19,43719.66,1409.09
2024-01-18T03:00:00Z,43699.76,43804.14,43680.68,43702.04,1016.00
2024-01-18T04:00:00Z,43705.23,43729.46,43549.90,43722.29,1261.06
2024-01-18T05:00:00Z,43706.80,43740.27,43606.89,43739.48,1417.70
2024-01-18T06:00:00Z,43717.45,43827.38,43637.03,43641.92,1042.67
2024-01-18T07:00:00Z,43619.35,43762.85,43576.30,43666.11,1331.78
2024-01-18T08:00:00Z,43674.08,43730.41,43558.67,43674.65,1253.02
2024-01-18T09:00:00Z,43666.44,43720.07,43576.70,43663.72,1016.50
2024-01-18T10:00:00Z,43675.72,43707.42,43581.77,43632.25,1079.26
2024-01-18T11:00:00Z,43624.40,43693.19,43577.41,43641.62,1013.04
2024-01-18T12:00:00Z,43649.35,43719.26,43592.81,43681.66,1338.99
2024-01-18T13:00:00Z,43696.93,43736.65,43686.67,43707.17,1221.68
2024-01-18T14:00:00Z,43682.20,43689.79,43568.96,43663.29,1224.95
2024-01-18T15:00:00Z,43658.79,43717.20,43483.79,43588.21,1056.53
2024-01-18T16:00:00Z,43607.53,43712.84,43604.76,43612.15,1466.66
2024-01-18T17:00:00Z,43595.81,43716.47,43514.51,43612.03,1463.72
2024-01-18T18:00:00Z,43615.20,43723.87,43544.88,43702.17,1227.73
2024-01-18T19:00:00Z,43711.96,43803.27,43561.24,43703.98,1326.64
2024-01-18T20:00:00Z,43717.82,43734.56,43716.78,43725.55,1310.89
2024-01-18T21:00:00Z,43720.72,43746.96,43596.11,43648.14,1363.53
2024-01-18T22:00:00Z,43653.21,43733.98,43493.75,43679.06,1016.34
2024-01-18T23:00:00Z,43688.08,43688.81,43667.41,43688.38,1435.14
2024-01-19T00:00:00Z,43659.01,43776.93,43590.51,43762.54,1252.24
2024-01-19T01:00:00Z,43760.07,43845.61,43570.94,43677.18,1217.66
2024-01-19T02:00:00Z,43688.65,43756.28,43616.12,43641.15,1449.74
2024-01-19T03:00:00Z,43649.42,43711.11,43616.97,43636.54,1192.30
2024-01-19T04:00:00Z,43651.35,43795.49,43579.57,43589.04,1247.28
2024-01-19T05:00:00Z,43589.37,43599.06,43527.86,43540.02,1090.79
2024-01-19T06:00:00Z,43533.24,43641.95,43429.93,43430.61,1290.85
2024-01-19T07:00:00Z,43447.82,43578.73,43344.27,43448.97,1396.80
2024-01-19T08:00:00Z,43466.38,43487.15,43452.55,43466.63,1022.99
2024-01-19T09:00:00Z,43456.88,43633.89,43341.68,43564.65,1002.92
2024-01-19T10:00:00Z,43575.49,43598.16,43408.30,43519.49,1433.35
2024-01-19T11:00:00Z,43500.03,43556.54,43434.02,43496.68,1258.35
2024-01-19T12:00:00Z,43487.67,43581.45,43392.98,43408.00,1057.13
2024-01-19T13:00:00Z,43404.20,43525.80,43316.83,43517.10,1229.28
2024-01-19T14:00:00Z,43507.41,43601.96,43401.86,43436.08,1232.13
2024-01-19T15:00:00Z,43438.89,43569.32,43301.00,43343.44,1297.92
2024-01-19T16:00:00Z,43335.21,43436.04,43234.56,43348.02,1172.36
2024-01-19T17:00:00Z,43319.12,43422.73,43314.56,43336.08,1103.69
2024-01-19T18:00:00Z,43332.65,43434.40,43298.27,43378.76,1352.37
2024-01-19T19:00:00Z,43365.83,43499.46,43228.92,43280.07,1253.42
2024-01-19T20:00:00Z,43262.76,43283.20,43232.99,43252.52,1298.53
2024-01-19T21:00:00Z,43256.52,43324.62,43187.45,43254.55,1377.12
2024-01-19T22:00:00Z,43265.40,43271.85,43210.13,43240.05,1178.40
2024-01-19T23:00:00Z,43253.97,43415.49,43102.29,43235.48,1211.30
2024-01-20T00:00:00Z,43230.83,43308.18,43061.21,43214.28,1058.42
2024-01-20T01:00:00Z,43191.84,43333.51,43029.80,43316.08,1425.64
2024-01-20T02:00:00Z,43305.35,43409.00,43217.15,43358.90,1240.45
2024-01-20T03:00:00Z,43350.33,43496.23,43344.11,43446.63,1083.66
2024-01-20T04:00:00Z,43433.96,43543.61,43305.24,43451.36,1485.20
2024-01-20T05:00:00Z,43442.33,43472.14,43357.04,43438.65,1160.27
2024-01-20T06:00:00Z,43452.59,43545.47,43348.48,43497.66,1191.18
2024-01-20T07:00:00Z,43488.26,43527.57,43387.36,43449.38,1128.03
2024-01-20T08:00:00Z,43441.60,43467.46,43425.70,43442.24,1341.28
2024-01-20T09:00:00Z,43426.02,43485.93,43348.00,43417.21,1325.75
2024-01-20T10:00:00Z,43396.48,43454.58,43318.79,43349.74,1378.83
2024-01-20T11:00:00Z,43337.66,43465.54,43218.79,43259.11,1109.60
2024-01-20T12:00:00Z,43236.33,43316.88,43178.82,43200.15,1364.91
2024-01-20T13:00:00Z,43193.15,43197.20,43080.33,43191.69,1256.41
2024-01-20T14:00:00Z,43173.00,43177.26,43129.04,43140.72,1093.07
2024-01-20T15:00:00Z,43115.58,43150.04,43027.35,43109.60,1315.64
2024-01-20T16:00:00Z,43121.39,43145.44,43095.63,43137.16,1221.71
2024-01-20T17:00:00Z,43144.29,43165.76,43127.91,43135.71,1150.38
2024-01-20T18:00:00Z,43118.81,43167.88,43043.21,43119.90,1152.77
2024-01-20T19:00:00Z,43109.77,43197.84,43027.24,43031.52,1394.46
2024-01-20T20:00:00Z,43016.61,43069.83,43011.93,43016.09,1381.17
2024-01-20T21:00:00Z,43015.36,43062.03,43010.06,43027.64,1266.93
2024-01-20T22:00:00Z,43033.06,43136.22,43016.19,43074.85,1280.61
2024-01-20T23:00:00Z,43070.89,43132.40,42973.55,43028.29,1303.70
2024-01-21T00:00:00Z,43004.35,43129.04,42938.71,42940.70,1335.97
2024-01-21T01:00:00Z,42920.84,42923.31,42840.95,42879.08,1368.41
2024-01-21T02:00:00Z,42889.59,42932.15,42759.93,42820.31,1490.27
2024-01-21T03:00:00Z,42821.86,42858.47,42763.13,42835.03,1025.62
2024-01-21T04:00:00Z,42847.45,42952.46,42732.50,42896.00,1031.33
2024-01-21T05:00:00Z,42888.46,43065.66,42813.09,43003.34,1083.17
2024-01-21T06:00:00Z,42990.72,43127.23,42846.34,43012.39,1268.47
2024-01-21T07:00:00Z,43004.77,43020.10,42993.83,42997.72,1341.56
2024-01-21T08:00:00Z,42976.25,42977.73,42872.79,42926.24,1253.05
2024-01-21T09:00:00Z,42922.93,42940.29,42781.15,42842.08,1372.79
2024-01-21T10:00:00Z,42838.17,42930.53,42837.34,42911.55,1309.47
2024-01-21T11:00:00Z,42882.68,42948.13,42761.89,42883.45,1035.17
2024-01-21T12:00:00Z,42884.88,42910.79,42879.42,42887.45,1094.78
2024-01-21T13:00:00Z,42866.89,42989.59,42710.03,42965.20,1324.93
2024-01-21T14:00:00Z,42967.53,43086.68,42908.52,43000.78,1469.22
2024-01-21T15:00:00Z,43005.44,43041.56,42923.93,42993.90,1365.35
2024-01-21T16:00:00Z,42993.43,43079.28,42897.29,43030.58,1314.60
2024-01-21T17:00:00Z,43032.48,43096.18,42994.79,43051.75,1005.57
2024-01-21T18:00:00Z,43023.63,43036.22,42999.92,43004.03,1258.71
2024-01-21T19:00:00Z,42983.64,43086.94,42936.12,43040.01,1084.21
